Cext	= 34.53764204
Qext	= 1.758987665
Cabs	= 23.92096642
Qabs	= 1.218284816

Based on radiation forces:
Cext.a	= (0,0,34.53764204)
Csca.g	= (1.537608434e-015,-2.8883911e-016,8.025275303)
Cpr	= (-1.537608434e-015,2.8883911e-016,26.51236674)
Qpr	= (-7.830975451e-017,1.471045508e-017,1.35026375)
