Cext	= 34.53764204
Qext	= 1.758987665
Cabs	= 23.92096642
Qabs	= 1.218284816

Based on radiation forces:
Cext.a	= (0,0,34.53764204)
Csca.g	= (-1.046701162e-015,3.678611306e-017,8.025275303)
Cpr	= (1.046701162e-015,-3.678611306e-017,26.51236674)
Qpr	= (5.330805242e-017,-1.873501354e-018,1.35026375)
