Cext	= 0.4765308847
Qext	= 0.02426951867
Cabs	= -1.839407015e-019
Qabs	= -9.368023001e-021

Based on radiation forces:
Cext.a	= (0,0,0.4765308847)
Csca.g	= (-1.067180468e-016,2.128825988e-018,0.3571680883)
Cpr	= (1.067180468e-016,-2.128825988e-018,0.1193627964)
Qpr	= (5.435105491e-018,-1.084202172e-019,0.006079097302)
