Cext	= 135.0449046
Qext	= 3.79114961
Cabs	= -4.196905569e-16
Qabs	= -1.178207868e-17

Based on radiation forces:
Cext.a	= (0,0,135.0449046)
Csca.g	= (-8.63757554e-12,1.499783454e-14,100.1339419)
Cpr	= (8.63757554e-12,-1.499783454e-14,34.91096276)
Qpr	= (2.42484833e-13,-4.210379854e-16,0.9800642477)
