Cext	= 24.51942438
Qext	= 1.24876403
Cabs	= 1.795414477
Qabs	= 0.09143970844

Based on radiation forces:
Cext.a	= (0,0,24.51942438)
Csca.g	= (-5.501567576e-015,-2.656774832e-016,16.11485175)
Cpr	= (5.501567576e-015,2.656774832e-016,8.404572633)
Qpr	= (2.801925358e-016,1.353084311e-017,0.4280413693)
