Cext	= 24.51942438
Qext	= 1.24876403
Cabs	= 1.795414477
Qabs	= 0.09143970844

Based on radiation forces:
Cext.a	= (0,0,24.51942438)
Csca.g	= (2.43231142e-015,8.855916108e-017,16.11485175)
Cpr	= (-2.43231142e-015,-8.855916108e-017,8.404572633)
Qpr	= (-1.238766034e-016,-4.510281038e-018,0.4280413693)
